  3  12   8   4   5   4  11  11   1   2   2  10  
 12   5   5   3  11   7   4   1   2   9  12   8  
  4   7  11  12   3   7   2   1   9   5   5  12  
  9   7   4  10  12  11   4   3   5   1   8   1  
  4   3   9   6   9   4   5   4   1  11  11   1  
  5   4   2   7   1   8   8   9  11   3  10   6  
 11   5   1   3   2   1   6   4   8  10  11   7  
 12   9   3   1   3   2   8   5   3  11   4   7  
  8  10   6  11  10   3   9   6   7  12   5   4  
  1   2   7   2   8   1   3  12   4  11   9  12  
 10   2   9  12   7   5   3   8   1   4   6   3  
  7   8  11   5   3   1  10   4  12  11   2   8
  